0 39.781841278076172 39.781841278076172
1 41.911247253417969 41.911247253417969
2 44.070446014404297 44.070446014404297
3 46.222309112548828 46.222309112548828
4 48.698013305664062 48.698013305664062
5 51.421806335449219 51.421806335449219
6 56.795680999755859 56.795680999755859
7 59.515350341796875 59.515350341796875
8 62.480022430419922 62.480022430419922
9 69.631416320800781 69.631416320800781
10 72.455055236816406 72.455055236816406
11 75.541519165039062 75.541519165039062
12 83.741195678710938 83.741195678710938
13 86.610038757324219 86.610038757324219
14 89.751594543457031 89.751594543457031
15 98.425003051757812 98.425003051757812
16 101.290802001953125 101.290802001953125
17 104.429344177246094 104.429344177246094
18 112.906486511230469 112.906486511230469
19 115.728553771972656 115.728553771972656
20 118.873413085937500 118.873413085937500
21 126.510856628417969 126.510856628417969
22 129.247924804687500 129.247924804687500
23 132.301513671875000 132.301513671875000
24 138.243057250976562 138.243057250976562
25 140.815689086914062 140.815689086914062
26 143.665496826171875 143.665496826171875
27 146.352798461914062 146.352798461914062
28 148.330398559570312 148.330398559570312
29 150.952529907226562 150.952529907226562
30 377.785217285156250 377.785217285156250
31 380.023010253906250 380.023010253906250
32 382.154937744140625 382.154937744140625
33 384.429412841796875 384.429412841796875
34 387.030853271484375 387.030853271484375
35 389.691223144531250 389.691223144531250
36 395.154205322265625 395.154205322265625
37 397.947235107421875 397.947235107421875
38 400.858581542968750 400.858581542968750
39 408.064453125000000 408.064453125000000
40 410.966735839843750 410.966735839843750
41 413.974853515625000 413.974853515625000
42 422.175018310546875 422.175018310546875
43 425.114135742187500 425.114135742187500
44 428.166473388671875 428.166473388671875
45 436.722351074218750 436.722351074218750
46 439.657989501953125 439.657989501953125
47 442.722961425781250 442.722961425781250
48 451.046600341796875 451.046600341796875
49 453.952819824218750 453.952819824218750
50 456.981994628906250 456.981994628906250
51 464.426116943359375 464.426116943359375
52 467.271728515625000 467.271728515625000
53 470.184997558593750 470.184997558593750
54 475.913391113281250 475.913391113281250
55 478.637237548828125 478.637237548828125
56 481.269226074218750 481.269226074218750
57 483.823822021484375 483.823822021484375
58 485.881805419921875 485.881805419921875
59 488.319671630859375 488.319671630859375
